pageid,org_percentage,gov_percentage,com_percentage,edu_percentage,other_percentage,net_percentage
1332334, 0.4444444444444444, 0,0.5185185185185185, 0.037037037037037035, 0, 0
415767, 0.1792452830188679, 0.0660377358490566,0.5094339622641509, 0.09433962264150944, 0.1320754716981132, 0.018867924528301886
12232585, 0.3333333333333333, 0,0.25, 0.4166666666666667, 0, 0
684813, 0.15, 0.05,0.4083333333333333, 0.15, 0.24166666666666667, 0
20764470, 0.16666666666666666, 0,0.3333333333333333, 0, 0.5, 0
1553191, 0.10897435897435898, 0.01282051282051282,0.717948717948718, 0.15384615384615385, 0.00641025641025641, 0
201936, 0.26512968299711814, 0.0893371757925072,0.42939481268011526, 0.0345821325648415, 0.18155619596541786, 0
31150160, 0.057663125948406675, 0.03945371775417299,0.4324734446130501, 0.018209408194233688, 0.44309559939301973, 0.009104704097116844
47374, 0.05084745762711865, 0.01694915254237288,0.6779661016949152, 0, 0.2542372881355932, 0
21538638, 0.2894736842105263, 0.07894736842105263,0.3991228070175439, 0.07456140350877193, 0.14912280701754385, 0.008771929824561403
12561015, 0.18702290076335878, 0.007633587786259542,0.5954198473282443, 0.003816793893129771, 0.20229007633587787, 0.003816793893129771
167884, 0, 0,1, 0, 0, 0
33933496, 0, 0,0.8636363636363636, 0, 0.13636363636363635, 0
1673370, 0.3732394366197183, 0.38028169014084506,0.19718309859154928, 0.028169014084507043, 0.014084507042253521, 0.007042253521126761
5069516, 0.3083197389885807, 0.41435562805872755,0.14518760195758565, 0.024469820554649267, 0.10440456769983687, 0.0032626427406199023
275051, 0.32388663967611336, 0.24696356275303644,0.29959514170040485, 0.06072874493927125, 0.06477732793522267, 0.004048582995951417
82065, 0.17647058823529413, 0.47058823529411764,0.17647058823529413, 0.058823529411764705, 0, 0.11764705882352941
2047065, 0.6666666666666666, 0,0.3333333333333333, 0, 0, 0
765, 0.41898148148148145, 0.20833333333333334,0.16435185185185186, 0.037037037037037035, 0.16435185185185186, 0.006944444444444444
307, 0.38181818181818183, 0.1393939393939394,0.3333333333333333, 0.07272727272727272, 0.06666666666666667, 0.006060606060606061
2731583, 0.38202247191011235, 0.0449438202247191,0.23595505617977527, 0.06741573033707865, 0.2696629213483146, 0
58809, 0.264, 0.06,0.424, 0.02, 0.208, 0.024
2343, 0.7, 0,0.3, 0, 0, 0
49392, 0.22666666666666666, 0.04,0.26, 0.13333333333333333, 0.34, 0
2503, 0.10416666666666667, 0.010416666666666666,0.21875, 0.020833333333333332, 0.6458333333333334, 0
2162, 0.11949685534591195, 0.025157232704402517,0.49056603773584906, 0.012578616352201259, 0.32075471698113206, 0.031446540880503145
18947965, 0.125, 0.03125,0.3333333333333333, 0, 0.5104166666666666, 0
1653, 0.18888888888888888, 0.03333333333333333,0.2222222222222222, 0.08888888888888889, 0.4222222222222222, 0.044444444444444446
894, 0.2251655629139073, 0,0.4966887417218543, 0.152317880794702, 0.09933774834437085, 0.026490066225165563
10934212, 0.3333333333333333, 0.2760416666666667,0.16145833333333334, 0.005208333333333333, 0.20833333333333334, 0.015625
1921, 0.1489841986455982, 0.045146726862302484,0.5011286681715575, 0.03160270880361174, 0.25733634311512416, 0.01580135440180587
251879, 0.10247349823321555, 0.05653710247349823,0.784452296819788, 0, 0.05653710247349823, 0
5042706, 0.14285714285714285, 0.052478134110787174,0.7026239067055393, 0.023323615160349854, 0.06705539358600583, 0.011661807580174927
48370461, 0.13333333333333333, 0.022222222222222223,0.5866666666666667, 0.013333333333333334, 0.18222222222222223, 0.06222222222222222
166702, 0.09340659340659341, 0.02197802197802198,0.8461538461538461, 0.005494505494505495, 0.005494505494505495, 0.027472527472527472
161947, 0.17679558011049723, 0.11049723756906077,0.580110497237569, 0.027624309392265192, 0.10497237569060773, 0
624, 0.1693121693121693, 0.26455026455026454,0.2857142857142857, 0.12169312169312169, 0.14814814814814814, 0.010582010582010581
500309, 0.3076923076923077, 0.3076923076923077,0.23076923076923078, 0, 0.07692307692307693, 0.07692307692307693
736, 0.3, 0.041666666666666664,0.275, 0.175, 0.2, 0.008333333333333333
717, 0.060240963855421686, 0.03614457831325301,0.25903614457831325, 0, 0.6325301204819277, 0.012048192771084338
2965, 0.34972677595628415, 0.3879781420765027,0.14754098360655737, 0.00273224043715847, 0.10655737704918032, 0.00546448087431694
358934, 0.10457516339869281, 0.006535947712418301,0.803921568627451, 0.006535947712418301, 0.0784313725490196, 0
212472, 0.032490974729241874, 0.0036101083032490976,0.9458483754512635, 0.01444043321299639, 0.0036101083032490976, 0
45214, 0.06666666666666667, 0,0.6333333333333333, 0, 0.3, 0
5297192, 0.75, 0.08333333333333333,0, 0, 0.16666666666666666, 0
55313, 0.42857142857142855, 0.424812030075188,0.08270676691729323, 0.011278195488721804, 0.05263157894736842, 0
381552, 0.5, 0.1,0.3, 0, 0.1, 0
1845, 0.3108910891089109, 0.3306930693069307,0.18613861386138614, 0.047524752475247525, 0.11485148514851486, 0.009900990099009901
18914017, 0.4116788321167883, 0.4978102189781022,0.06423357664233577, 0, 0.026277372262773723, 0
1902, 0.10062893081761007, 0.15723270440251572,0.5849056603773585, 0.03773584905660377, 0.10062893081761007, 0.018867924528301886
1950, 0.6167664670658682, 0.017964071856287425,0.2874251497005988, 0.0718562874251497, 0.005988023952095809, 0
863, 0.21481481481481482, 0.06666666666666667,0.5111111111111111, 0.11851851851851852, 0.05185185185185185, 0.037037037037037035
521057, 0.24489795918367346, 0.004081632653061225,0.5265306122448979, 0, 0.04081632653061224, 0.1836734693877551
5315944, 0.5238095238095238, 0.023809523809523808,0.3333333333333333, 0, 0.023809523809523808, 0.09523809523809523
1131183, 0.4444444444444444, 0.029914529914529916,0.44017094017094016, 0.05128205128205128, 0.029914529914529916, 0.004273504273504274
1973, 0.30177514792899407, 0.03550295857988166,0.5502958579881657, 0.07692307692307693, 0.03550295857988166, 0
172479, 0, 0,0.8666666666666667, 0, 0.13333333333333333, 0
19346935, 0.3333333333333333, 0.058823529411764705,0.3627450980392157, 0.18627450980392157, 0.058823529411764705, 0
4097799, 0.22748815165876776, 0.04265402843601896,0.5402843601895735, 0.018957345971563982, 0.14218009478672985, 0.02843601895734597
2460, 0.2, 0.08888888888888889,0.6277777777777778, 0.05, 0.011111111111111112, 0.022222222222222223
12, 0.4475806451612903, 0.004032258064516129,0.24596774193548387, 0.06048387096774194, 0.14516129032258066, 0.0967741935483871
1023, 0.42857142857142855, 0.017857142857142856,0.41964285714285715, 0.03571428571428571, 0.044642857142857144, 0.05357142857142857
1630179, 0.055793991416309016, 0,0.0944206008583691, 0.8240343347639485, 0.02575107296137339, 0
22320587, 0.2054794520547945, 0.00684931506849315,0.5, 0.07534246575342465, 0.14383561643835616, 0.0684931506849315
315087, 0.05172413793103448, 0.017241379310344827,0.7241379310344828, 0.13793103448275862, 0.06896551724137931, 0
432972, 0.06779661016949153, 0.01694915254237288,0.864406779661017, 0, 0.05084745762711865, 0
1623, 0.16818181818181818, 0.19545454545454546,0.4636363636363636, 0.11818181818181818, 0.045454545454545456, 0.00909090909090909
99881, 0.060810810810810814, 0.006756756756756757,0.8851351351351351, 0.006756756756756757, 0.04054054054054054, 0
864, 0.4, 0.010256410256410256,0.4461538461538462, 0.015384615384615385, 0.1282051282051282, 0
232035, 0.22727272727272727, 0.3333333333333333,0.18181818181818182, 0.13636363636363635, 0.07575757575757576, 0.045454545454545456
48522, 0.232, 0.008,0.472, 0.176, 0.112, 0
72671, 0.06428571428571428, 0.0035714285714285713,0.36428571428571427, 0.0035714285714285713, 0.5285714285714286, 0.03571428571428571
5792809, 0.10153846153846154, 0.003076923076923077,0.7353846153846154, 0.003076923076923077, 0.15692307692307692, 0
800, 0.03, 0,0.75, 0.04, 0.11, 0.07
331538, 0.10526315789473684, 0.02631578947368421,0.7631578947368421, 0.05263157894736842, 0.05263157894736842, 0
2314, 0.11842105263157894, 0.039473684210526314,0.5657894736842105, 0.19736842105263158, 0.07894736842105263, 0
52045701, 0.019230769230769232, 0,0.46153846153846156, 0, 0.5, 0.019230769230769232
205522, 0.10954063604240283, 0.0035335689045936395,0.8056537102473498, 0.014134275618374558, 0.06713780918727916, 0
68335, 0.040268456375838924, 0.013422818791946308,0.8120805369127517, 0.013422818791946308, 0.11409395973154363, 0.006711409395973154
700568, 0.25, 0.05952380952380952,0.5357142857142857, 0.03571428571428571, 0.11904761904761904, 0
4577283, 0, 0.01818181818181818,0.9272727272727272, 0, 0.05454545454545454, 0
569, 0.5222222222222223, 0.03333333333333333,0.2222222222222222, 0.05555555555555555, 0.1111111111111111, 0.05555555555555555
283205, 0.29959514170040485, 0,0.5020242914979757, 0.048582995951417005, 0.12955465587044535, 0.020242914979757085
43441237, 0.3103448275862069, 0,0.3793103448275862, 0, 0.3103448275862069, 0
2197030, 0.15384615384615385, 0.07692307692307693,0.6666666666666666, 0.05128205128205128, 0.05128205128205128, 0
8814638, 0.4, 0,0.4, 0.13333333333333333, 0.06666666666666667, 0
42762068, 0.2692307692307692, 0,0.5769230769230769, 0.07692307692307693, 0.07692307692307693, 0
1429917, 0.10047846889952153, 0,0.3827751196172249, 0.06698564593301436, 0.44976076555023925, 0
571440, 0.08163265306122448, 0,0.7755102040816326, 0.061224489795918366, 0.02040816326530612, 0.061224489795918366
1078, 0.21406727828746178, 0.01834862385321101,0.4892966360856269, 0.027522935779816515, 0.22935779816513763, 0.021406727828746176
2200527, 0.18840579710144928, 0.014492753623188406,0.3115942028985507, 0.06521739130434782, 0.42028985507246375, 0
37873196, 0.12, 0,0.4, 0, 0.12, 0.36
80740, 0.20600858369098712, 0.1888412017167382,0.351931330472103, 0.08583690987124463, 0.15021459227467812, 0.017167381974248927
2944, 0.125, 0.005681818181818182,0.5454545454545454, 0.011363636363636364, 0.3125, 0
155033, 0.125, 0.09375,0.28125, 0.09375, 0.375, 0.03125
140376, 0.24358974358974358, 0.022435897435897436,0.5096153846153846, 0.035256410256410256, 0.1762820512820513, 0.01282051282051282
1806, 0.06382978723404255, 0.014184397163120567,0.7198581560283688, 0.014184397163120567, 0.16312056737588654, 0.024822695035460994
309935, 0.1951219512195122, 0.012195121951219513,0.6951219512195121, 0, 0.07317073170731707, 0.024390243902439025
51669, 0.5882352941176471, 0.08823529411764706,0.29411764705882354, 0.029411764705882353, 0, 0
42277, 0.13043478260869565, 0.043478260869565216,0.6086956521739131, 0.043478260869565216, 0.17391304347826086, 0
274539, 0.02912621359223301, 0.009708737864077669,0.8640776699029126, 0.019417475728155338, 0.06796116504854369, 0.009708737864077669
148898, 0.17065868263473055, 0.16167664670658682,0.47904191616766467, 0.16467065868263472, 0.017964071856287425, 0.005988023952095809
24548445, 0.2558139534883721, 0,0.6046511627906976, 0.023255813953488372, 0.11627906976744186, 0
2752, 0.23333333333333334, 0.32666666666666666,0.26666666666666666, 0.02, 0.15333333333333332, 0
6821757, 0.17708333333333334, 0.25,0.2916666666666667, 0.010416666666666666, 0.2708333333333333, 0
37556, 0.4014336917562724, 0.3727598566308244,0.15412186379928317, 0.014336917562724014, 0.05734767025089606, 0
162615, 0.31756756756756754, 0.10810810810810811,0.22972972972972974, 0.02702702702702703, 0.2702702702702703, 0.0472972972972973
2122, 0.4434782608695652, 0.05217391304347826,0.2956521739130435, 0.05217391304347826, 0.1565217391304348, 0
15247542, 0.28957528957528955, 0.015444015444015444,0.4942084942084942, 0.10038610038610038, 0.09652509652509653, 0.003861003861003861
21785, 0.34375, 0.075,0.35, 0.125, 0.09375, 0.0125
11778948, 0.532520325203252, 0.04065040650406504,0.17479674796747968, 0.04065040650406504, 0.2032520325203252, 0.008130081300813009
5491859, 0.47368421052631576, 0.23684210526315788,0.07894736842105263, 0.05263157894736842, 0.10526315789473684, 0.05263157894736842
18933396, 0.16042780748663102, 0.03208556149732621,0.41711229946524064, 0.0481283422459893, 0.33689839572192515, 0.0053475935828877
1030, 0.5581395348837209, 0.011627906976744186,0.2558139534883721, 0.09302325581395349, 0.08139534883720931, 0
25, 0.3964401294498382, 0.4255663430420712,0.06472491909385113, 0.05016181229773463, 0.022653721682847898, 0.040453074433656956
1195328, 0.27450980392156865, 0.27450980392156865,0.29411764705882354, 0.058823529411764705, 0.09803921568627451, 0
5612336, 0.3972602739726027, 0.3150684931506849,0.2054794520547945, 0.0410958904109589, 0.0273972602739726, 0.0136986301369863
150056, 0.04878048780487805, 0.008130081300813009,0.7560975609756098, 0, 0.15447154471544716, 0.032520325203252036
879858, 0.20833333333333334, 0,0.7916666666666666, 0, 0, 0
19344654, 0.04054054054054054, 0.0045045045045045045,0.17117117117117117, 0.0045045045045045045, 0.7747747747747747, 0.0045045045045045045
4545, 0.35714285714285715, 0.04395604395604396,0.34065934065934067, 0.08241758241758242, 0.14285714285714285, 0.03296703296703297
4173, 0.11827956989247312, 0.021505376344086023,0.8172043010752689, 0.010752688172043012, 0.03225806451612903, 0
867145, 0.14285714285714285, 0.07142857142857142,0.17857142857142858, 0.10714285714285714, 0.5, 0
19360669, 0.14285714285714285, 0.07142857142857142,0.4642857142857143, 0.07142857142857142, 0.25, 0
3979, 0.5223880597014925, 0,0.23880597014925373, 0.05970149253731343, 0.1044776119402985, 0.07462686567164178
534366, 0.11098527746319366, 0.08493771234428087,0.7089467723669309, 0.011325028312570781, 0.07474518686296716, 0.009060022650056626
335069, 0.10227272727272728, 0.011363636363636364,0.7613636363636364, 0.03409090909090909, 0.09090909090909091, 0
72336, 0.11734693877551021, 0.030612244897959183,0.7704081632653061, 0.00510204081632653, 0.07142857142857142, 0.00510204081632653
4375, 0.01607717041800643, 0.003215434083601286,0.9614147909967846, 0.003215434083601286, 0.012861736334405145, 0.003215434083601286
4792, 0.3026315789473684, 0.05263157894736842,0.5263157894736842, 0.03289473684210526, 0.07236842105263158, 0.013157894736842105
364813, 0.11428571428571428, 0.017142857142857144,0.56, 0, 0.2742857142857143, 0.03428571428571429
3738, 0.2, 0.025,0.15, 0.1, 0.4375, 0.0875
447382, 0.26153846153846155, 0.13846153846153847,0.5076923076923077, 0, 0.09230769230769231, 0
3205662, 0.14893617021276595, 0,0.5106382978723404, 0, 0.3404255319148936, 0
501984, 0.5333333333333333, 0,0.26666666666666666, 0.2, 0, 0
3427, 0.06779661016949153, 0.01694915254237288,0.8813559322033898, 0, 0, 0.03389830508474576
699349, 0.007042253521126761, 0.0035211267605633804,0.9823943661971831, 0, 0.007042253521126761, 0
19283178, 0.24615384615384617, 0.007692307692307693,0.4307692307692308, 0.07692307692307693, 0.2153846153846154, 0.023076923076923078
3722, 0.136986301369863, 0.00684931506849315,0.4178082191780822, 0.02054794520547945, 0.410958904109589, 0.00684931506849315
20650188, 0.06806282722513089, 0.06282722513089005,0.7591623036649214, 0.010471204188481676, 0.09424083769633508, 0.005235602094240838
41353912, 0.006289308176100629, 0,0.6540880503144654, 0.0031446540880503146, 0.3238993710691824, 0.012578616352201259
44431, 0.13157894736842105, 0,0.47368421052631576, 0.2236842105263158, 0.14473684210526316, 0.02631578947368421
2100861, 0.5454545454545454, 0,0.45454545454545453, 0, 0, 0
4116, 0.43983402489626555, 0.0912863070539419,0.12448132780082988, 0.2821576763485477, 0.06224066390041494, 0
1555010, 0.15873015873015872, 0,0.09523809523809523, 0.031746031746031744, 0.7142857142857143, 0
3356, 0.16793893129770993, 0.10941475826972011,0.5318066157760815, 0.05089058524173028, 0.1297709923664122, 0.010178117048346057
188564, 0.13157894736842105, 0.005263157894736842,0.7631578947368421, 0.042105263157894736, 0.05263157894736842, 0.005263157894736842
191941, 0.42, 0.14,0.12, 0.2, 0.12, 0
51614, 0.4075829383886256, 0.3412322274881517,0.13270142180094788, 0.052132701421800945, 0.06635071090047394, 0
321263, 0.39416058394160586, 0.48175182481751827,0.06569343065693431, 0.014598540145985401, 0.0364963503649635, 0.0072992700729927005
239098, 0.22009569377990432, 0,0.569377990430622, 0.06220095693779904, 0.09569377990430622, 0.05263157894736842
3803886, 0.24444444444444444, 0,0.4888888888888889, 0, 0.06666666666666667, 0.2
244098, 0.061224489795918366, 0,0.8979591836734694, 0, 0.04081632653061224, 0
44751865, 0.12693498452012383, 0.006191950464396285,0.8204334365325078, 0.01238390092879257, 0.030959752321981424, 0.0030959752321981426
4874, 0.052884615384615384, 0,0.6490384615384616, 0.009615384615384616, 0.24519230769230768, 0.04326923076923077
20648200, 0.2777777777777778, 0,0.3611111111111111, 0.3055555555555556, 0.05555555555555555, 0
851008, 0.5263157894736842, 0,0.18421052631578946, 0.25, 0.013157894736842105, 0.02631578947368421
65426, 0.5, 0,0.5, 0, 0, 0
88857, 0.39080459770114945, 0.3103448275862069,0.11494252873563218, 0.022988505747126436, 0.14942528735632185, 0.011494252873563218
55309, 0.3698630136986301, 0.2876712328767123,0.0958904109589041, 0.0684931506849315, 0.1780821917808219, 0
5030, 0.16666666666666666, 0,0.31746031746031744, 0.007936507936507936, 0.5079365079365079, 0
11015826, 0.039301310043668124, 0,0.7292576419213974, 0.004366812227074236, 0.20087336244541484, 0.026200873362445413
27417455, 0.08196721311475409, 0.01639344262295082,0.39344262295081966, 0.01639344262295082, 0.45901639344262296, 0.03278688524590164
64692, 0.23529411764705882, 0,0.22549019607843138, 0.00980392156862745, 0.5294117647058824, 0
68244, 0.28378378378378377, 0.0945945945945946,0.5405405405405406, 0.013513513513513514, 0.06756756756756757, 0
392807, 0.38, 0.02,0.32, 0.02, 0.26, 0
5574594, 0.10967741935483871, 0.0064516129032258064,0.6516129032258065, 0, 0.2129032258064516, 0.01935483870967742
186319, 0.6547619047619048, 0.047619047619047616,0.21428571428571427, 0.023809523809523808, 0.023809523809523808, 0.03571428571428571
23278520, 0.1487603305785124, 0.008264462809917356,0.4049586776859504, 0.06611570247933884, 0.36363636363636365, 0.008264462809917356
4950, 0.1875, 0,0.7708333333333334, 0.020833333333333332, 0.020833333333333332, 0
3463, 0.24260355029585798, 0.03550295857988166,0.34911242603550297, 0.04142011834319527, 0.2958579881656805, 0.03550295857988166
44849, 0.08235294117647059, 0.00392156862745098,0.7372549019607844, 0.00392156862745098, 0.1607843137254902, 0.011764705882352941
70547, 0.36228287841191065, 0.39950372208436724,0.17121588089330025, 0, 0.062034739454094295, 0.004962779156327543
8269855, 0.1262135922330097, 0.009708737864077669,0.7087378640776699, 0.1553398058252427, 0, 0
3845, 0.1, 0.011111111111111112,0.5, 0.011111111111111112, 0.37777777777777777, 0
4294, 0.19607843137254902, 0.006535947712418301,0.27450980392156865, 0, 0.5228758169934641, 0
3382, 0.04497354497354497, 0.0026455026455026454,0.8174603174603174, 0, 0.1349206349206349, 0
38748, 0.3253012048192771, 0,0.21686746987951808, 0, 0.43373493975903615, 0.024096385542168676
73887, 0.02857142857142857, 0,0.45714285714285713, 0.02857142857142857, 0.4857142857142857, 0
773158, 0.04830917874396135, 0.0024154589371980675,0.8671497584541062, 0.0024154589371980675, 0.0748792270531401, 0.004830917874396135
639800, 0.16483516483516483, 0.02197802197802198,0.6483516483516484, 0.02197802197802198, 0.13186813186813187, 0.01098901098901099
3267529, 0.13658536585365855, 0.00975609756097561,0.6878048780487804, 0.02926829268292683, 0.0975609756097561, 0.03902439024390244
23278125, 0.08461538461538462, 0,0.5461538461538461, 0.023076923076923078, 0.3153846153846154, 0.03076923076923077
682722, 0.08333333333333333, 0,0.8333333333333334, 0, 0.08333333333333333, 0
24133117, 0.31451612903225806, 0.4435483870967742,0.14516129032258066, 0, 0.0967741935483871, 0
87179, 0.09523809523809523, 0.03968253968253968,0.4523809523809524, 0, 0.3968253968253968, 0.015873015873015872
62028, 0.06832298136645963, 0.006211180124223602,0.8136645962732919, 0.031055900621118012, 0.07453416149068323, 0.006211180124223602
46924, 0.350210970464135, 0.3291139240506329,0.16455696202531644, 0.008438818565400843, 0.14767932489451477, 0
773158, 0.04830917874396135, 0.0024154589371980675,0.8671497584541062, 0.0024154589371980675, 0.0748792270531401, 0.004830917874396135
5407, 0.2098360655737705, 0.3475409836065574,0.35737704918032787, 0.05901639344262295, 0.02622950819672131, 0
6852, 0.3233082706766917, 0.007518796992481203,0.16541353383458646, 0.42857142857142855, 0.06766917293233082, 0.007518796992481203
160811, 0.07142857142857142, 0.01020408163265306,0.28061224489795916, 0, 0.6326530612244898, 0.00510204081632653
5042916, 0.1109350237717908, 0.00792393026941363,0.5673534072900158, 0.009508716323296355, 0.30427892234548337, 0
105219, 0.37748344370860926, 0.4326710816777042,0.12582781456953643, 0.004415011037527594, 0.05739514348785872, 0.002207505518763797
5902, 0.428, 0.004,0.308, 0.064, 0.176, 0.02
5416, 0.41379310344827586, 0.005747126436781609,0.3505747126436782, 0.06321839080459771, 0.13793103448275862, 0.028735632183908046
42031, 0.30864197530864196, 0.037037037037037035,0.3333333333333333, 0.024691358024691357, 0.2839506172839506, 0.012345679012345678
685631, 0.21666666666666667, 0,0.5333333333333333, 0, 0.23333333333333334, 0.016666666666666666
2184033, 0.1276595744680851, 0.02127659574468085,0.6808510638297872, 0, 0.10638297872340426, 0.06382978723404255
537968, 0.10270270270270271, 0.021621621621621623,0.8243243243243243, 0.02702702702702703, 0.024324324324324326, 0
5282, 0.1958762886597938, 0.020618556701030927,0.27835051546391754, 0.020618556701030927, 0.4020618556701031, 0.08247422680412371
425757, 0.22857142857142856, 0,0.3142857142857143, 0, 0.37142857142857144, 0.08571428571428572
2450993, 0, 0.06451612903225806,0.25806451612903225, 0.03225806451612903, 0.5483870967741935, 0.0967741935483871
6822, 0.06763285024154589, 0.01932367149758454,0.30434782608695654, 0.01932367149758454, 0.5072463768115942, 0.0821256038647343
678255, 0.3387096774193548, 0.016129032258064516,0.25806451612903225, 0.24193548387096775, 0.14516129032258066, 0
606848, 0.134185303514377, 0.006389776357827476,0.3226837060702875, 0.006389776357827476, 0.5303514376996805, 0
553050, 0.058823529411764705, 0,0.5294117647058824, 0.058823529411764705, 0.35294117647058826, 0
5920, 0.16470588235294117, 0.09411764705882353,0.2, 0.03529411764705882, 0.49411764705882355, 0.011764705882352941
17253537, 0.3411764705882353, 0.011764705882352941,0.29411764705882354, 0.023529411764705882, 0.25882352941176473, 0.07058823529411765
320023, 0.375, 0,0.125, 0, 0.5, 0
68319, 0.40625, 0.0625,0.3645833333333333, 0.09375, 0.0625, 0.010416666666666666
6907, 0.288135593220339, 0,0.6440677966101694, 0.01694915254237288, 0.05084745762711865, 0
42635, 0.032467532467532464, 0.025974025974025976,0.8441558441558441, 0.012987012987012988, 0.08441558441558442, 0
51255, 0.3375796178343949, 0.012738853503184714,0.4012738853503185, 0.01910828025477707, 0.21656050955414013, 0.012738853503184714
278119, 0.04375, 0.0125,0.83125, 0.0125, 0.0875, 0.0125
80696, 0.04128440366972477, 0.0045871559633027525,0.8623853211009175, 0.013761467889908258, 0.0779816513761468, 0
6100, 0.24, 0,0.28, 0.08, 0.4, 0
50490, 0.34615384615384615, 0.07692307692307693,0.38461538461538464, 0.15384615384615385, 0.038461538461538464, 0
6886, 0.2577903682719547, 0.1388101983002833,0.46175637393767704, 0.06515580736543909, 0.0764872521246459, 0
5945, 0.11, 0,0.88, 0, 0, 0.01
5465786, 0.25, 0,0.6875, 0.0625, 0, 0
1651190, 0.05263157894736842, 0,0.42105263157894735, 0.05263157894736842, 0.47368421052631576, 0
250193, 0.40816326530612246, 0.1836734693877551,0.1836734693877551, 0.12244897959183673, 0.08163265306122448, 0.02040816326530612
5405, 0.2, 0.029565217391304348,0.44173913043478263, 0.04, 0.288695652173913, 0
5751, 0.4666666666666667, 0.06666666666666667,0.2, 0.06666666666666667, 0.16666666666666666, 0.03333333333333333
15147453, 0.125, 0,0.5625, 0, 0.3125, 0
7738, 0.40618101545253865, 0.4083885209713024,0.09933774834437085, 0.013245033112582781, 0.0640176600441501, 0.008830022075055188
2627820, 0.023474178403755867, 0.004694835680751174,0.8826291079812206, 0, 0.0892018779342723, 0
5847204, 0.06358381502890173, 0.014450867052023121,0.8901734104046243, 0.005780346820809248, 0.02601156069364162, 0
196570, 0.14285714285714285, 0,0.8571428571428571, 0, 0, 0
125309, 0.33993399339933994, 0.04950495049504951,0.5577557755775577, 0.013201320132013201, 0.036303630363036306, 0.0033003300330033004
63317, 0.35074626865671643, 0.05970149253731343,0.4701492537313433, 0.05223880597014925, 0.05970149253731343, 0.007462686567164179
5211, 0.25, 0.019886363636363636,0.4715909090909091, 0.048295454545454544, 0.17613636363636365, 0.03409090909090909
345597, 0.06521739130434782, 0,0.34782608695652173, 0, 0.5869565217391305, 0
5635, 0.23134328358208955, 0.014925373134328358,0.48507462686567165, 0.06716417910447761, 0.1417910447761194, 0.05970149253731343
73626, 0.21518987341772153, 0.02531645569620253,0.5443037974683544, 0.06329113924050633, 0.13924050632911392, 0.012658227848101266
1281795, 0.09523809523809523, 0.01904761904761905,0.5523809523809524, 0, 0.3333333333333333, 0
6438, 0.4155844155844156, 0.38961038961038963,0.07142857142857142, 0.05194805194805195, 0.05844155844155844, 0.012987012987012988
6671, 0.08333333333333333, 0,0.9166666666666666, 0, 0, 0
8718425, 0.35361216730038025, 0.34600760456273766,0.19391634980988592, 0.011406844106463879, 0.09505703422053231, 0
28291766, 0.1282051282051282, 0.05641025641025641,0.7076923076923077, 0.07692307692307693, 0.02564102564102564, 0.005128205128205128
8389, 0.3765112262521589, 0.40241796200345425,0.11917098445595854, 0.012089810017271158, 0.07772020725388601, 0.012089810017271158
6910, 0.2582781456953642, 0.15894039735099338,0.2913907284768212, 0.059602649006622516, 0.23178807947019867, 0
5987, 0.20066889632107024, 0.2976588628762542,0.36454849498327757, 0.020066889632107024, 0.11705685618729098, 0
208413, 0.21839080459770116, 0.19540229885057472,0.3448275862068966, 0.022988505747126436, 0.21839080459770116, 0
191704, 0.08196721311475409, 0,0.7049180327868853, 0.01639344262295082, 0.13114754098360656, 0.06557377049180328
241649, 0.3392857142857143, 0.375,0.21428571428571427, 0.017857142857142856, 0.05357142857142857, 0
325329, 0.23776223776223776, 0.03496503496503497,0.45454545454545453, 0.1048951048951049, 0.16783216783216784, 0
7463, 0.3981042654028436, 0.07582938388625593,0.2796208530805687, 0.1943127962085308, 0.037914691943127965, 0.014218009478672985
13886661, 0.053691275167785234, 0.006711409395973154,0.9395973154362416, 0, 0, 0
20914042, 0.20689655172413793, 0,0.3103448275862069, 0.20689655172413793, 0.27586206896551724, 0
9209651, 0.46296296296296297, 0.037037037037037035,0.24074074074074073, 0.07407407407407407, 0.18518518518518517, 0
215623, 0.4166666666666667, 0.08333333333333333,0.3333333333333333, 0.041666666666666664, 0.125, 0
215623, 0.4166666666666667, 0.08333333333333333,0.3333333333333333, 0.041666666666666664, 0.125, 0
158177, 0.12396694214876033, 0.08264462809917356,0.5826446280991735, 0.09504132231404959, 0.10743801652892562, 0.008264462809917356
7023, 0.34554973821989526, 0.07329842931937172,0.3403141361256545, 0.193717277486911, 0.031413612565445025, 0.015706806282722512
95801, 0.1875, 0.140625,0.34375, 0.0625, 0.21875, 0.046875
2298740, 0.18620689655172415, 0.006896551724137931,0.7586206896551724, 0.027586206896551724, 0.013793103448275862, 0.006896551724137931
6623, 0.45, 0,0.3, 0.2, 0.05, 0
41568624, 0.08536585365853659, 0,0.8658536585365854, 0, 0.04878048780487805, 0
5530, 0.38461538461538464, 0.05128205128205128,0.38461538461538464, 0.038461538461538464, 0.1282051282051282, 0.01282051282051282
5919, 0.2857142857142857, 0.07142857142857142,0.2857142857142857, 0, 0.35714285714285715, 0
7283, 0.4864864864864865, 0.05405405405405406,0.24324324324324326, 0.08108108108108109, 0.08108108108108109, 0.05405405405405406
26410, 0.36649214659685864, 0.05759162303664921,0.3612565445026178, 0.03664921465968586, 0.17277486910994763, 0.005235602094240838
5278, 0.18292682926829268, 0.18292682926829268,0.1951219512195122, 0.17073170731707318, 0.2682926829268293, 0
18948365, 0.22549019607843138, 0.049019607843137254,0.5, 0.06862745098039216, 0.1568627450980392, 0
5648, 0.125, 0,0.26785714285714285, 0.011904761904761904, 0.5654761904761905, 0.02976190476190476
5714828, 0.13114754098360656, 0.01639344262295082,0.39344262295081966, 0.06557377049180328, 0.3770491803278688, 0.01639344262295082
5655, 0.1393643031784841, 0.0024449877750611247,0.7383863080684596, 0.004889975550122249, 0.10024449877750612, 0.014669926650366748
7683, 0.5064935064935064, 0.16883116883116883,0.22510822510822512, 0.047619047619047616, 0.030303030303030304, 0.021645021645021644
5326, 0.436950146627566, 0.1906158357771261,0.19648093841642228, 0.06158357771260997, 0.09970674486803519, 0.01466275659824047
49823, 0.5306122448979592, 0,0.20408163265306123, 0.14285714285714285, 0.10204081632653061, 0.02040816326530612
5785, 0.1, 0.2,0.5, 0, 0.2, 0
7172656, 0.1875, 0.46875,0.21875, 0.03125, 0.09375, 0
2279619, 0.02877697841726619, 0.007194244604316547,0.9280575539568345, 0, 0.03597122302158273, 0
23818735, 0.11627906976744186, 0.013953488372093023,0.7395348837209302, 0, 0.10697674418604651, 0.023255813953488372
8931878, 0.26666666666666666, 0,0.6, 0.13333333333333333, 0, 0
709683, 0.16666666666666666, 0.022727272727272728,0.5606060606060606, 0, 0.15151515151515152, 0.09848484848484848
1046514, 0.21403508771929824, 0.010526315789473684,0.6877192982456141, 0.021052631578947368, 0.05964912280701754, 0.007017543859649123
7339782, 0.016666666666666666, 0,0.8416666666666667, 0, 0.1, 0.041666666666666664
69801, 0.1440677966101695, 0.0423728813559322,0.1440677966101695, 0.00847457627118644, 0.635593220338983, 0.025423728813559324
4412145, 0.14705882352941177, 0,0.35294117647058826, 0.3235294117647059, 0.14705882352941177, 0.029411764705882353
6760, 0.3431372549019608, 0.27450980392156865,0.29411764705882354, 0.029411764705882353, 0.049019607843137254, 0.00980392156862745
36662188, 0.13157894736842105, 0.02631578947368421,0.6798245614035088, 0.039473684210526314, 0.11403508771929824, 0.008771929824561403
5042481, 0.2893258426966292, 0.07303370786516854,0.4410112359550562, 0.047752808988764044, 0.13764044943820225, 0.011235955056179775
6827, 0.2887323943661972, 0.11971830985915492,0.2746478873239437, 0.16901408450704225, 0.11971830985915492, 0.028169014084507043
1008588, 0.45652173913043476, 0.043478260869565216,0.2391304347826087, 0.10869565217391304, 0.15217391304347827, 0
181322, 0.24390243902439024, 0,0.34146341463414637, 0.04878048780487805, 0.36585365853658536, 0
32492747, 0.32727272727272727, 0.08484848484848485,0.3696969696969697, 0.048484848484848485, 0.1696969696969697, 0
19005719, 0.3548387096774194, 0.053763440860215055,0.3870967741935484, 0.08602150537634409, 0.11827956989247312, 0
5593, 0.19413919413919414, 0.040293040293040296,0.4249084249084249, 0.02564102564102564, 0.2967032967032967, 0.018315018315018316
183570, 0.16806722689075632, 0.008403361344537815,0.42016806722689076, 0, 0.35294117647058826, 0.05042016806722689
252854, 0.3333333333333333, 0.037037037037037035,0.18518518518518517, 0, 0.4074074074074074, 0.037037037037037035
20648089, 0.14912280701754385, 0.39473684210526316,0.32456140350877194, 0.06140350877192982, 0.06140350877192982, 0.008771929824561403
235169, 0.12903225806451613, 0.06451612903225806,0.4838709677419355, 0.03225806451612903, 0.25806451612903225, 0.03225806451612903
605837, 0.3333333333333333, 0,0.4, 0, 0.26666666666666666, 0
339365, 0.061855670103092786, 0.010309278350515464,0.8350515463917526, 0.010309278350515464, 0.07216494845360824, 0.010309278350515464
456252, 0.22439024390243903, 0.014634146341463415,0.6146341463414634, 0.024390243902439025, 0.11219512195121951, 0.00975609756097561
9442699, 0, 0,1, 0, 0, 0
10431114, 0.35, 0.1,0.35, 0, 0.2, 0
12686162, 0.06493506493506493, 0.11688311688311688,0.7402597402597403, 0, 0.06493506493506493, 0.012987012987012988
8103, 0.4217391304347826, 0.06521739130434782,0.26521739130434785, 0.09565217391304348, 0.1391304347826087, 0.013043478260869565
8582, 0.13725490196078433, 0,0.6470588235294118, 0.17647058823529413, 0.0392156862745098, 0
187807, 0.087248322147651, 0.006711409395973154,0.7919463087248322, 0.020134228187919462, 0.09395973154362416, 0
76762, 0.2765957446808511, 0.06914893617021277,0.3882978723404255, 0.03723404255319149, 0.21808510638297873, 0.010638297872340425
67363, 0.10204081632653061, 0.05102040816326531,0.29591836734693877, 0, 0.5408163265306123, 0.01020408163265306
1558354, 0.34782608695652173, 0,0.08695652173913043, 0, 0.5652173913043478, 0
70197, 0.14965986394557823, 0.3673469387755102,0.40816326530612246, 0.047619047619047616, 0.027210884353741496, 0
1434711, 0, 0,0.06666666666666667, 0.3333333333333333, 0.6, 0
37514, 0.4346153846153846, 0.23846153846153847,0.08846153846153847, 0.007692307692307693, 0.2230769230769231, 0.007692307692307693
8687, 0.20426829268292682, 0.08841463414634146,0.5670731707317073, 0.04878048780487805, 0.08536585365853659, 0.006097560975609756
310331, 0.008658008658008658, 0,0.9134199134199135, 0, 0.03463203463203463, 0.04329004329004329
9090, 0.23809523809523808, 0,0.42857142857142855, 0.1111111111111111, 0.15873015873015872, 0.06349206349206349
3020357, 0.8055555555555556, 0,0.1388888888888889, 0, 0.05555555555555555, 0
5058628, 0.1976190476190476, 0.05,0.6642857142857143, 0.03333333333333333, 0.05476190476190476, 0
8835, 0, 0,0.8135593220338984, 0, 0.11864406779661017, 0.06779661016949153
18938226, 0.18660287081339713, 0.028708133971291867,0.5789473684210527, 0.004784688995215311, 0.13875598086124402, 0.06220095693779904
8271, 0.14705882352941177, 0.08823529411764706,0.38235294117647056, 0, 0.38235294117647056, 0
8683, 0.05172413793103448, 0,0.7241379310344828, 0.017241379310344827, 0.1724137931034483, 0.034482758620689655
7966, 0.15730337078651685, 0,0.6966292134831461, 0, 0.14606741573033707, 0
8900, 0.33707865168539325, 0.07865168539325842,0.39325842696629215, 0.028089887640449437, 0.15730337078651685, 0.0056179775280898875
932915, 0.6521739130434783, 0.043478260869565216,0.15217391304347827, 0, 0.08695652173913043, 0.06521739130434782
40147, 0.24836601307189543, 0.1111111111111111,0.3464052287581699, 0.0392156862745098, 0.23529411764705882, 0.0196078431372549
11040148, 0.10714285714285714, 0.007142857142857143,0.7357142857142858, 0, 0.11428571428571428, 0.03571428571428571
3162905, 0.11904761904761904, 0.004761904761904762,0.34285714285714286, 0, 0.5333333333333333, 0
18978563, 0.3786127167630058, 0.12572254335260116,0.23554913294797689, 0.05057803468208093, 0.1893063583815029, 0.02023121387283237
18978563, 0.3786127167630058, 0.12572254335260116,0.23554913294797689, 0.05057803468208093, 0.1893063583815029, 0.02023121387283237
8629, 0.12206572769953052, 0.107981220657277,0.4835680751173709, 0.06103286384976526, 0.22535211267605634, 0
4848272, 0.07723577235772358, 0.013550135501355014,0.8550135501355014, 0.009485094850948509, 0.044715447154471545, 0
726651, 0.12857142857142856, 0.014285714285714285,0.7285714285714285, 0.014285714285714285, 0.11428571428571428, 0
1643647, 0.3333333333333333, 0,0.46153846153846156, 0.07692307692307693, 0.1282051282051282, 0
1635659, 0.2153846153846154, 0,0.5384615384615384, 0, 0.12307692307692308, 0.12307692307692308
7941, 0.03333333333333333, 0.06666666666666667,0.13333333333333333, 0, 0.7666666666666667, 0
1112855, 0.125, 0,0.875, 0, 0, 0
37335, 0.16494845360824742, 0.12371134020618557,0.30927835051546393, 0.1134020618556701, 0.25773195876288657, 0.030927835051546393
9311172, 0.26666666666666666, 0.3111111111111111,0.24444444444444444, 0, 0.15555555555555556, 0.022222222222222223
8632, 0.29591836734693877, 0.061224489795918366,0.40816326530612246, 0.061224489795918366, 0.15306122448979592, 0.02040816326530612
19767582, 0.022556390977443608, 0.007518796992481203,0.9172932330827067, 0, 0.045112781954887216, 0.007518796992481203
143840, 0, 0,0.9007633587786259, 0, 0.05343511450381679, 0.04580152671755725
59749, 0.36363636363636365, 0.16666666666666666,0.2727272727272727, 0.15151515151515152, 0.015151515151515152, 0.030303030303030304
8305, 0.24776119402985075, 0.3253731343283582,0.3373134328358209, 0.026865671641791045, 0.05970149253731343, 0.0029850746268656717
13058, 0.17037037037037037, 0.014814814814814815,0.3851851851851852, 0.037037037037037035, 0.37777777777777777, 0.014814814814814815
10186, 0.2926829268292683, 0.014634146341463415,0.4585365853658537, 0.03902439024390244, 0.16585365853658537, 0.02926829268292683
40817590, 0.18947368421052632, 0.3368421052631579,0.23578947368421052, 0.021052631578947368, 0.21263157894736842, 0.004210526315789474
140256, 0.6, 0,0.2, 0.2, 0, 0
380782, 0.5882352941176471, 0.058823529411764705,0.35294117647058826, 0, 0, 0
303522, 0.1388888888888889, 0.16666666666666666,0.5, 0.05555555555555555, 0.1111111111111111, 0.027777777777777776
2945164, 0.3333333333333333, 0,0.16666666666666666, 0, 0.3333333333333333, 0.16666666666666666
15578, 0.21266968325791855, 0.049773755656108594,0.3755656108597285, 0.027149321266968326, 0.3167420814479638, 0.01809954751131222
9231869, 0, 0,1, 0, 0, 0
39626432, 0.09135802469135802, 0.019753086419753086,0.7234567901234568, 0, 0.15555555555555556, 0.009876543209876543
1864257, 0.0967741935483871, 0.1935483870967742,0.5806451612903226, 0, 0.12903225806451613, 0
1765384, 0.3548387096774194, 0.1774193548387097,0.3225806451612903, 0.03225806451612903, 0.11290322580645161, 0
20611030, 0.3230769230769231, 0.2923076923076923,0.3076923076923077, 0.015384615384615385, 0.046153846153846156, 0.015384615384615385
16105186, 0.10943396226415095, 0.07169811320754717,0.6226415094339622, 0.03018867924528302, 0.13584905660377358, 0.03018867924528302
4217297, 0.38271604938271603, 0.41975308641975306,0.07407407407407407, 0, 0.1111111111111111, 0.012345679012345678
371301, 0.2857142857142857, 0.13095238095238096,0.31547619047619047, 0.03571428571428571, 0.21428571428571427, 0.017857142857142856
18307757, 0.0782608695652174, 0.017391304347826087,0.808695652173913, 0.008695652173913044, 0.0782608695652174, 0.008695652173913044
5052197, 0.047244094488188976, 0.003937007874015748,0.6692913385826772, 0.007874015748031496, 0.25984251968503935, 0.011811023622047244
9288, 0.043795620437956206, 0.029197080291970802,0.7445255474452555, 0.043795620437956206, 0.1386861313868613, 0
4429395, 0.023872679045092837, 0.002652519893899204,0.8594164456233422, 0.002652519893899204, 0.10344827586206896, 0.007957559681697613
100627, 0.016574585635359115, 0,0.8784530386740331, 0.016574585635359115, 0.0718232044198895, 0.016574585635359115
10287, 0.3333333333333333, 0.017543859649122806,0.17543859649122806, 0.07017543859649122, 0.40350877192982454, 0
4809279, 0, 0,1, 0, 0, 0
169836, 0.13333333333333333, 0.01904761904761905,0.7619047619047619, 0, 0.08571428571428572, 0
35494376, 0.30612244897959184, 0.16326530612244897,0.19727891156462585, 0.06802721088435375, 0.24489795918367346, 0.02040816326530612
12322101, 0.17647058823529413, 0.17647058823529413,0.29411764705882354, 0.058823529411764705, 0.29411764705882354, 0
2858505, 0.49056603773584906, 0.09433962264150944,0.2830188679245283, 0.018867924528301886, 0.11320754716981132, 0
39768, 0.08029197080291971, 0.0072992700729927005,0.48175182481751827, 0.029197080291970802, 0.38686131386861317, 0.014598540145985401
399615, 0.0641025641025641, 0.01282051282051282,0.0641025641025641, 0, 0.8461538461538461, 0.01282051282051282
10501, 0.15, 0.23333333333333334,0.26666666666666666, 0.03333333333333333, 0.31666666666666665, 0
564204, 0.031413612565445025, 0.005235602094240838,0.8743455497382199, 0, 0.041884816753926704, 0.04712041884816754
9258, 0.3, 0.025,0.2875, 0.2375, 0.1125, 0.0375
105004, 0.30303030303030304, 0.06060606060606061,0.2727272727272727, 0.21212121212121213, 0.15151515151515152, 0
105004, 0.30303030303030304, 0.06060606060606061,0.2727272727272727, 0.21212121212121213, 0.15151515151515152, 0
