0.796875, 0, 0.0078125, 0.015625, 0, 0.1796875
0.4144144144144144, 0.24324324324324326, 0.15315315315315314, 0.036036036036036036, 0.018018018018018018, 0.13513513513513514
0.5106382978723404, 0.2127659574468085, 0, 0, 0.0851063829787234, 0.19148936170212766
0.24, 0.09, 0.0033333333333333335, 0, 0.013333333333333334, 0.6533333333333333
0.2, 0.65, 0, 0, 0.15, 0
1, 0, 0, 0, 0, 0
0.27530364372469635, 0.3481781376518219, 0.06882591093117409, 0.10121457489878542, 0.06072874493927125, 0.145748987854251
0.2608695652173913, 0.5652173913043478, 0.043478260869565216, 0, 0.043478260869565216, 0.08695652173913043
0.8594164456233422, 0.023872679045092837, 0.002652519893899204, 0.007957559681697613, 0.002652519893899204, 0.10344827586206896
0.5891472868217055, 0.031007751937984496, 0.046511627906976744, 0, 0, 0.3333333333333333
0.38461538461538464, 0.5384615384615384, 0, 0, 0, 0.07692307692307693
0.2571428571428571, 0.17142857142857143, 0, 0.05714285714285714, 0, 0.5142857142857142
0.30434782608695654, 0.5652173913043478, 0.007246376811594203, 0, 0.057971014492753624, 0.06521739130434782
0.5789473684210527, 0.08771929824561403, 0, 0.07017543859649122, 0, 0.2631578947368421
0.27607361963190186, 0.2147239263803681, 0.19631901840490798, 0.04294478527607362, 0.024539877300613498, 0.24539877300613497
0.6428571428571429, 0, 0, 0, 0, 0.35714285714285715
0, 1, 0, 0, 0, 0
0.736231884057971, 0.0927536231884058, 0.1391304347826087, 0.020289855072463767, 0.002898550724637681, 0.008695652173913044
0.5116279069767442, 0.32558139534883723, 0, 0.011627906976744186, 0.1511627906976744, 0
0.5952380952380952, 0.16666666666666666, 0.015873015873015872, 0.023809523809523808, 0.031746031746031744, 0.16666666666666666
0.73828125, 0.03515625, 0.0078125, 0.01171875, 0.0078125, 0.19921875
0.9395973154362416, 0.006711409395973154, 0, 0.013422818791946308, 0.010067114093959731, 0.030201342281879196
0.2323943661971831, 0.14788732394366197, 0.08450704225352113, 0, 0.04225352112676056, 0.49295774647887325
0.5294117647058824, 0.38235294117647056, 0, 0.029411764705882353, 0.014705882352941176, 0.04411764705882353
0.4, 0.12, 0.02, 0, 0.455, 0.005
0.6463414634146342, 0.10975609756097561, 0.024390243902439025, 0, 0.024390243902439025, 0.1951219512195122
0.8028673835125448, 0.07885304659498207, 0.07526881720430108, 0.014336917562724014, 0.0035842293906810036, 0.025089605734767026
0.43356643356643354, 0.32167832167832167, 0.16783216783216784, 0.006993006993006993, 0.013986013986013986, 0.055944055944055944
0.719626168224299, 0.018691588785046728, 0, 0.04672897196261682, 0, 0.21495327102803738
0.4954954954954955, 0.18018018018018017, 0.21621621621621623, 0.018018018018018018, 0.04504504504504504, 0.04504504504504504
0.41935483870967744, 0.27419354838709675, 0.016129032258064516, 0, 0.04838709677419355, 0.24193548387096775
0.36363636363636365, 0.11363636363636363, 0.022727272727272728, 0.045454545454545456, 0.045454545454545456, 0.4090909090909091
0.589041095890411, 0.1872146118721461, 0.045662100456621, 0.0365296803652968, 0.1141552511415525, 0.0273972602739726
0.17073170731707318, 0.3780487804878049, 0.024390243902439025, 0, 0.0975609756097561, 0.32926829268292684
0.5, 0.36666666666666664, 0.03333333333333333, 0, 0.03333333333333333, 0.06666666666666667
0.961038961038961, 0.012987012987012988, 0, 0, 0, 0.025974025974025976
0.35772357723577236, 0.21951219512195122, 0.02032520325203252, 0.016260162601626018, 0.016260162601626018, 0.3699186991869919
0.15748031496062992, 0.12992125984251968, 0.6062992125984252, 0.007874015748031496, 0.031496062992125984, 0.06692913385826772
0.11627906976744186, 0.040697674418604654, 0, 0, 0.8430232558139535, 0
0.27956989247311825, 0.10215053763440861, 0.010752688172043012, 0.010752688172043012, 0.016129032258064516, 0.5806451612903226
0, 1, 0, 0, 0, 0
0.7183098591549296, 0, 0, 0.004694835680751174, 0, 0.27699530516431925
0.5365853658536586, 0.21951219512195122, 0.07317073170731707, 0, 0.0975609756097561, 0.07317073170731707
0.28, 0.285, 0.025, 0.02, 0.05, 0.34
0.3333333333333333, 0.2601626016260163, 0.3333333333333333, 0.008130081300813009, 0.024390243902439025, 0.04065040650406504
0.40625, 0.390625, 0.046875, 0, 0.03125, 0.125
0.819672131147541, 0.08196721311475409, 0.00819672131147541, 0.00819672131147541, 0, 0.08196721311475409
0.46511627906976744, 0.21705426356589147, 0.023255813953488372, 0.015503875968992248, 0.08527131782945736, 0.1937984496124031
0, 0.5, 0, 0, 0, 0.5
0.44954128440366975, 0.27522935779816515, 0, 0.009174311926605505, 0.06422018348623854, 0.2018348623853211
0.3110367892976589, 0.24414715719063546, 0.013377926421404682, 0.023411371237458192, 0.1806020066889632, 0.22742474916387959
0.4463087248322148, 0.10067114093959731, 0.003355704697986577, 0.013422818791946308, 0.37919463087248323, 0.05704697986577181
1, 0, 0, 0, 0, 0
0.19444444444444445, 0, 0, 0, 0, 0.8055555555555556
0.4605263157894737, 0.2894736842105263, 0.08333333333333333, 0.0043859649122807015, 0.02631578947368421, 0.13596491228070176
0.3387096774193548, 0.3225806451612903, 0.03225806451612903, 0.03225806451612903, 0.07258064516129033, 0.20161290322580644
0.6642857142857143, 0.04285714285714286, 0, 0.014285714285714285, 0.25, 0.02857142857142857
0.6816037735849056, 0.07547169811320754, 0.14858490566037735, 0, 0.0047169811320754715, 0.08962264150943396
0.07142857142857142, 0.35714285714285715, 0.25, 0, 0, 0.32142857142857145
0.3717948717948718, 0.23717948717948717, 0.2692307692307692, 0.019230769230769232, 0.038461538461538464, 0.0641025641025641
0.5, 0.3194444444444444, 0.027777777777777776, 0, 0.041666666666666664, 0.1111111111111111
0.15463917525773196, 0.5979381443298969, 0, 0.041237113402061855, 0.05154639175257732, 0.15463917525773196
0.17766497461928935, 0.116751269035533, 0.6548223350253807, 0, 0.02030456852791878, 0.030456852791878174
0.38388625592417064, 0.11374407582938388, 0.3222748815165877, 0.009478672985781991, 0.14691943127962084, 0.023696682464454975
0.1, 0.725, 0, 0, 0.075, 0.1
0.9352818371607515, 0.010438413361169102, 0.0020876826722338203, 0.016701461377870562, 0, 0.03549060542797495
0.4878048780487805, 0.16260162601626016, 0.1951219512195122, 0.056910569105691054, 0, 0.0975609756097561
0, 0, 0, 0, 0, 1
0.7165991902834008, 0.05263157894736842, 0, 0, 0.004048582995951417, 0.22672064777327935
0.43636363636363634, 0.05454545454545454, 0.01818181818181818, 0.05454545454545454, 0.03636363636363636, 0.4
0.4029126213592233, 0.1407766990291262, 0.06796116504854369, 0.0048543689320388345, 0.06310679611650485, 0.32038834951456313
0.3, 0.1, 0, 0, 0, 0.6
0.4878048780487805, 0.024390243902439025, 0, 0, 0, 0.4878048780487805
0.4972677595628415, 0.22950819672131148, 0.15300546448087432, 0.01639344262295082, 0.0546448087431694, 0.04918032786885246
0.22580645161290322, 0.1774193548387097, 0.016129032258064516, 0.04838709677419355, 0.11290322580645161, 0.41935483870967744
0.3233082706766917, 0.43609022556390975, 0.08270676691729323, 0, 0.09774436090225563, 0.06015037593984962
0.5787037037037037, 0.19907407407407407, 0.16666666666666666, 0, 0.032407407407407406, 0.023148148148148147
