0.45614035087719296, 0.08771929824561403, 0.017543859649122806, 0.21052631578947367, 0.017543859649122806, 0.21052631578947367
0.3888888888888889, 0.2222222222222222, 0.2777777777777778, 0, 0.05555555555555555, 0.05555555555555555
0.6, 0.35, 0, 0, 0, 0.05
0.5, 0.3103448275862069, 0.017241379310344827, 0, 0.034482758620689655, 0.13793103448275862
0.16, 0.18, 0.26, 0.04, 0.06, 0.3
0.746031746031746, 0.20634920634920634, 0.015873015873015872, 0, 0.015873015873015872, 0.015873015873015872
0.40963855421686746, 0.18674698795180722, 0.04819277108433735, 0.04819277108433735, 0.03614457831325301, 0.2710843373493976
0.2631578947368421, 0.15789473684210525, 0.3684210526315789, 0, 0.07017543859649122, 0.14035087719298245
0.7938931297709924, 0.1450381679389313, 0.003816793893129771, 0, 0.003816793893129771, 0.05343511450381679
0.7938931297709924, 0.1450381679389313, 0.003816793893129771, 0, 0.003816793893129771, 0.05343511450381679
0.2413793103448276, 0.41379310344827586, 0.13793103448275862, 0, 0, 0.20689655172413793
0.35443037974683544, 0.19891500904159132, 0.023508137432188065, 0.02531645569620253, 0.02531645569620253, 0.37251356238698013
0.9016393442622951, 0.06557377049180328, 0.01639344262295082, 0, 0.01639344262295082, 0
0.3402777777777778, 0.3819444444444444, 0.1111111111111111, 0.027777777777777776, 0.04861111111111111, 0.09027777777777778
0.5454545454545454, 0.06198347107438017, 0.008264462809917356, 0.004132231404958678, 0.004132231404958678, 0.3760330578512397
0.3409090909090909, 0.4659090909090909, 0, 0.022727272727272728, 0.07954545454545454, 0.09090909090909091
0.3888888888888889, 0.3, 0.011111111111111112, 0.022222222222222223, 0.14444444444444443, 0.13333333333333333
0.25862068965517243, 0.5344827586206896, 0.06896551724137931, 0.05172413793103448, 0.034482758620689655, 0.05172413793103448
0.4666666666666667, 0.13333333333333333, 0, 0, 0, 0.4
0.4642857142857143, 0.07142857142857142, 0, 0, 0, 0.4642857142857143
0.41836734693877553, 0.22959183673469388, 0.04081632653061224, 0.01020408163265306, 0.15306122448979592, 0.14795918367346939
0.3, 0.3, 0.02857142857142857, 0, 0, 0.37142857142857144
0.3333333333333333, 0.3333333333333333, 0, 0.07407407407407407, 0.1111111111111111, 0.14814814814814814
0.5949367088607594, 0.16455696202531644, 0.16455696202531644, 0, 0, 0.0759493670886076
0.5151515151515151, 0.21212121212121213, 0.030303030303030304, 0, 0.12121212121212122, 0.12121212121212122
0.3787878787878788, 0.3787878787878788, 0, 0, 0.09090909090909091, 0.15151515151515152
0.2647058823529412, 0.23529411764705882, 0.03431372549019608, 0.004901960784313725, 0.18137254901960784, 0.27941176470588236
0.2641509433962264, 0.4528301886792453, 0.05660377358490566, 0.018867924528301886, 0.05660377358490566, 0.1509433962264151
0.7368421052631579, 0.15789473684210525, 0, 0, 0, 0.10526315789473684
0.7633410672853829, 0.08352668213457076, 0.02320185614849188, 0.018561484918793503, 0.013921113689095127, 0.09744779582366589
0.40594059405940597, 0.12211221122112212, 0.013201320132013201, 0.0165016501650165, 0.024752475247524754, 0.4174917491749175
0.41237113402061853, 0.3402061855670103, 0.041237113402061855, 0.020618556701030927, 0.05154639175257732, 0.13402061855670103
0.4305555555555556, 0.3194444444444444, 0.006944444444444444, 0.020833333333333332, 0.041666666666666664, 0.18055555555555555
0.1437125748502994, 0.5149700598802395, 0.1497005988023952, 0.011976047904191617, 0.11377245508982035, 0.0658682634730539
0.16842105263157894, 0.37894736842105264, 0.29210526315789476, 0.007894736842105263, 0.04736842105263158, 0.10526315789473684
0.24, 0.28, 0.28, 0, 0, 0.2
0.20707070707070707, 0.40404040404040403, 0.21212121212121213, 0.010101010101010102, 0.050505050505050504, 0.11616161616161616
0.2830188679245283, 0.4528301886792453, 0.1320754716981132, 0, 0.018867924528301886, 0.11320754716981132
0.24615384615384617, 0.3384615384615385, 0, 0.007692307692307693, 0.07692307692307693, 0.33076923076923076
0.34146341463414637, 0.1951219512195122, 0.024390243902439025, 0.12195121951219512, 0.04878048780487805, 0.2682926829268293
0.52, 0.24, 0.04, 0.016, 0.04, 0.144
0.773972602739726, 0.10273972602739725, 0.0136986301369863, 0.0410958904109589, 0.00684931506849315, 0.06164383561643835
0.6171428571428571, 0.16, 0.04285714285714286, 0, 0.10857142857142857, 0.07142857142857142
0.5714285714285714, 0.10714285714285714, 0.07142857142857142, 0, 0.07142857142857142, 0.17857142857142858
0.6362484157160964, 0.11406844106463879, 0.12547528517110265, 0.0025348542458808617, 0.029150823827629912, 0.09252217997465145
0.9292035398230089, 0.05309734513274336, 0.008849557522123894, 0, 0, 0.008849557522123894
0.4669603524229075, 0.2599118942731278, 0.09251101321585903, 0, 0.09251101321585903, 0.0881057268722467
0.835820895522388, 0.11940298507462686, 0.014925373134328358, 0, 0.014925373134328358, 0.014925373134328358
0.39316239316239315, 0.07692307692307693, 0.008547008547008548, 0.03418803418803419, 0, 0.48717948717948717
0.3851851851851852, 0.17037037037037037, 0.014814814814814815, 0.014814814814814815, 0.037037037037037035, 0.37777777777777777
0, 0.6666666666666666, 0.2222222222222222, 0, 0.1111111111111111, 0
0.35625, 0.1375, 0.00625, 0.04375, 0, 0.45625
0.40540540540540543, 0, 0, 0, 0, 0.5945945945945946
0.8666666666666667, 0, 0.13333333333333333, 0, 0, 0
0.8453947368421053, 0.08552631578947369, 0.013157894736842105, 0, 0.006578947368421052, 0.049342105263157895
0.20430107526881722, 0.3978494623655914, 0.06451612903225806, 0.010752688172043012, 0.16129032258064516, 0.16129032258064516
0.10792580101180438, 0.31534569983136596, 0.178752107925801, 0.00505902192242833, 0.163575042158516, 0.22934232715008432
0.6441947565543071, 0.23220973782771537, 0.011235955056179775, 0.0149812734082397, 0.0599250936329588, 0.03745318352059925
0.24232081911262798, 0.30716723549488056, 0.2150170648464164, 0.0034129692832764505, 0.07167235494880546, 0.16040955631399317
0.43103448275862066, 0.3793103448275862, 0, 0.017241379310344827, 0.13793103448275862, 0.034482758620689655
0.41935483870967744, 0.25806451612903225, 0.04838709677419355, 0.03225806451612903, 0.12903225806451613, 0.11290322580645161
0.3037974683544304, 0.3670886075949367, 0.02531645569620253, 0, 0.05063291139240506, 0.25316455696202533
0.5975609756097561, 0.2073170731707317, 0.024390243902439025, 0, 0, 0.17073170731707318
0.8009592326139089, 0.03357314148681055, 0.009592326139088728, 0.007194244604316547, 0.03357314148681055, 0.11510791366906475
0.7333333333333333, 0.16666666666666666, 0, 0.016666666666666666, 0.016666666666666666, 0.06666666666666667
0.4492753623188406, 0.21739130434782608, 0.10144927536231885, 0.014492753623188406, 0, 0.21739130434782608
0.5833333333333334, 0.25, 0.08333333333333333, 0, 0.08333333333333333, 0
0.3333333333333333, 0.2898550724637681, 0.07971014492753623, 0.050724637681159424, 0.10869565217391304, 0.13768115942028986
0.21621621621621623, 0.46846846846846846, 0.11711711711711711, 0.05405405405405406, 0.018018018018018018, 0.12612612612612611
0.07627118644067797, 0.3093220338983051, 0.2457627118644068, 0.00423728813559322, 0.11864406779661017, 0.2457627118644068
0.9230769230769231, 0, 0.02564102564102564, 0, 0, 0.05128205128205128
0.09183673469387756, 0.5663265306122449, 0.2857142857142857, 0, 0.02040816326530612, 0.03571428571428571
0.17475728155339806, 0.24271844660194175, 0.0970873786407767, 0.014563106796116505, 0, 0.470873786407767
0.8309859154929577, 0.02640845070422535, 0.0017605633802816902, 0.08274647887323944, 0, 0.058098591549295774
0.40540540540540543, 0.4864864864864865, 0, 0, 0, 0.10810810810810811
0.27424749163879597, 0.18729096989966554, 0.06688963210702341, 0.056856187290969896, 0.04013377926421405, 0.3745819397993311
0.845360824742268, 0.030927835051546393, 0, 0.020618556701030927, 0, 0.10309278350515463
0.038356164383561646, 0.3643835616438356, 0.5068493150684932, 0, 0.07123287671232877, 0.019178082191780823
0.3333333333333333, 0.4166666666666667, 0, 0, 0, 0.25
0.24489795918367346, 0.24489795918367346, 0.061224489795918366, 0.02040816326530612, 0.22448979591836735, 0.20408163265306123
0.7155963302752294, 0.13761467889908258, 0.05504587155963303, 0.009174311926605505, 0.01834862385321101, 0.06422018348623854
0.6311926605504588, 0.1743119266055046, 0.007339449541284404, 0.03302752293577982, 0.01651376146788991, 0.13761467889908258
0.18181818181818182, 0.5454545454545454, 0, 0.09090909090909091, 0, 0.18181818181818182
0.27450980392156865, 0.37254901960784315, 0.17647058823529413, 0, 0, 0.17647058823529413
0.3333333333333333, 0.2619047619047619, 0.047619047619047616, 0, 0.07142857142857142, 0.2857142857142857
0.946236559139785, 0.021505376344086023, 0, 0, 0, 0.03225806451612903
0.25, 0.3333333333333333, 0, 0.08333333333333333, 0, 0.3333333333333333
0.6701754385964912, 0.10526315789473684, 0.010526315789473684, 0.0035087719298245615, 0, 0.21052631578947367
0.35323383084577115, 0.373134328358209, 0.13432835820895522, 0, 0.04975124378109453, 0.08955223880597014
0.4246575342465753, 0.3698630136986301, 0.0410958904109589, 0.0136986301369863, 0.0273972602739726, 0.1232876712328767
0.6888888888888889, 0.06666666666666667, 0, 0, 0.022222222222222223, 0.2222222222222222
0.23308270676691728, 0.21052631578947367, 0.18045112781954886, 0, 0.022556390977443608, 0.3533834586466165
0.14285714285714285, 0.5535714285714286, 0.17857142857142858, 0.03571428571428571, 0, 0.08928571428571429
0.21929824561403508, 0.15789473684210525, 0, 0.008771929824561403, 0.02631578947368421, 0.5877192982456141
0.02564102564102564, 0.01282051282051282, 0, 0.01282051282051282, 0, 0.9487179487179487
0.08695652173913043, 0.34782608695652173, 0.17391304347826086, 0, 0.043478260869565216, 0.34782608695652173
0.416, 0.368, 0.144, 0.008, 0.04, 0.024
0.6, 0.04090909090909091, 0.004545454545454545, 0, 0, 0.35454545454545455
0.8323699421965318, 0.04046242774566474, 0.005780346820809248, 0.028901734104046242, 0.005780346820809248, 0.08670520231213873
0.16326530612244897, 0.4489795918367347, 0.3469387755102041, 0, 0, 0.04081632653061224
